#define MIN_CYR 1025
#define MAX_CYR 1169
static int is_cyr_char[]={
	1105,0,0,1108,0,1110,1111,0,0,0,0,0,0,1118,0,1072
	,1073,1074,1075,1076,1077,1078,1079,1080,1081,1082,1083,1084,1085,1086,1087,1088
	,1089,1090,1091,1092,1093,1094,1095,1096,1097,1098,1099,1100,1101,1102,1103,1072
	,1073,1074,1075,1076,1077,1078,1079,1080,1081,1082,1083,1084,1085,1086,1087,1088
	,1089,1090,1091,1092,1093,1094,1095,1096,1097,1098,1099,1100,1101,1102,1103,0
	,1105,0,0,1108,0,1110,1111,0,0,0,0,0,0,1118,0,0
	,0,0,0,0,0,0,0,0,0,0,0,0,0,0,0,0
	,0,0,0,0,0,0,0,0,0,0,0,0,0,0,0,0
	,0,0,0,0,0,0,0,0,0,0,0,0,0,0,0,1169
	,1169};
static struct cyr_rule cyr_rules[]={
%CRULES%
};

#define CYR_RULES (sizeof(cyr_rules) / sizeof(cyr_rules[0]))

